90 605 12 47 AC0074917 41307955640015
97 709 95 15 AA3106870 30812942700019
88 625 25 33 AB2365856 42409932700060
97 200 02 14 AB4896831 30202995720076
33 225 65 64 AA7295225 31505952700056
939050377 AB8682209 62408005720057
93 073 60 87 AA2790352 42410955720029
94 578 21 62 AB7915108 41404912700037
90 607 15 66 AB4364068 40803952700273
98 211 34 79 AC0096181 42206932750071
99 896 01 23 AB8580166 52912005720047
67 419 63 AB6741963 52305005720036
93 247 16 70 AB2433514 30912952700024
93 695 62 56 AC0469394 31809975720058
69 183 36 AB6026755 42302985720059
89 097 62 AB8909762 52010015720025
93 240 50 76 AB6918336 52008005720032
93 259 42 56 AB3946155 30110985720048
935762693 AB7547398 42612945720037
94 527 15 62 AC2187192 62211025720017
94 662 96 54 AC2444097 61104025720039
94 173 98 49 AA8867478 40806932700090
930236125 AB8845793 40710942700026
94 173 98 49 AA9573268 41712955720032
97 554 86 85 AB7300820 32904985720061
92 140 03 25 AB8365649 42808945720023
94 523 46 05 AA5959048 32112912700048
93 564 85 64 AC1500030 42503945720049
93 423 23 64 AB3761424 40505985720030
93 697 95 73 AB9909087 41705935720030
94 525 66 74 AA7783092 32108952700078
91 464 85 98 AC1776098 31108962700010
93 076 58 72 IQ0805228 00000000000000
990412554 AC2503890 61707025720034
93 934 75 94 AD1038442 00000000000000
93 076 58 72 IQ0643070 00000000000000
93 076 58 72 IQ0484081 00000000000000
93 076 58 72 AB6730681 00000000000000
93 903 56 92 AA7209196 00000000000000
91 549 89 88 AC1026040 00000000000000
99 288 31 65 AA6043852 00000000000000
93 934 44 91 QD0010005 00000000000000
93 934 35 65 QD1135968 00000000000000
97 639 52 58 AB2256739 00000000000000
99 288 31 65 AA6043852 00000000000000
93 934 35 65 QD0071884 00000000000000
93 934 44 91 QD0874439 00000000000000
99 288 31 65 AA3632818 00000000000000
93 934 35 65 QD4314890 00000000000000
93 934 44 91 AC2502203 00000000000000
99 288 31 65 AB2767762 00000000000000
97 639 52 58 QD0139136 00000000000000
93 934 35 65 QD4488592 00000000000000
93 934 44 91 QD0096668 00000000000000
99 288 31 65 QD0996626 00000000000000
93 934 44 91 QD1010823 00000000000000
90 733 30 48 AB5876508 00000000000000
90 733 30 48 KS0254268 00000000000000
97 639 52 58 AB7542642 00000000000000
99 288 31 65 QD4375522 00000000000000
93 934 44 91 QD0867802 00000000000000
90 733 30 48 QD0241298 00000000000000
93 934 44 91 QD1038488 00000000000000
90 733 30 48 QD0457542 00000000000000
93 934 44 91 QD0070676 00000000000000
91 218 13 94 AA2417946 00000000000000
90 733 30 48 QD0052462 00000000000000
97 639 52 58 QD0858328 00000000000000
90 733 30 48 QD0284972 00000000000000
93 934 44 91 AB3944659 00000000000000
91 218 13 94 CT5481577 00000000000000
91 218 13 94 QD0996667 00000000000000
97 639 52 58 QD0072315 00000000000000
93 934 44 91 QD0599720 00000000000000
90 733 30 48 QD0483484 00000000000000
93 934 44 91 QD0726428 00000000000000
91 218 13 94 QD1081496 00000000000000
90 733 30 48 QD0681320 00000000000000
94 525 02 49 AC0044877 00000000000000
99 336 01 92 AA8968652 00000000000000
93 934 35 65 AB7407278 00000000000000
94 525 07 85 QD0211140 00000000000000
99 288 31 65 AA6043852 00000000000000
93 934 44 91 QD0010005 00000000000000
93 422 09 69 RS0098574 00000000000000
93 934 35 65 QD0858239 00000000000000
94 525 07 84 QD0288466 00000000000000
93 934 35 65 QD1135968 00000000000000
94 525 07 84 QD0456739 00000000000000
93 934 44 91 QD0874439 00000000000000
97 639 52 58 AB2256739 00000000000000
99 288 31 65 AA6043852 00000000000000
99 288 31 65 AA3632818 00000000000000
93 934 35 65 QD0071884 00000000000000
93 934 44 91 QD1010823 00000000000000
93 934 35 65 QD4314890 00000000000000
93 934 44 91 AC2502203 00000000000000
99 288 31 65 AB2767762 00000000000000
97 639 52 58 QD0139136 00000000000000
93 934 35 65 QD4488592 00000000000000
93 934 44 91 QD0096668 00000000000000
90 733 30 48 AB5876508 00000000000000
90 733 30 48 KS0254268 00000000000000
99 288 31 65 QD0996626 00000000000000
93 934 44 91 QD1038488 00000000000000
90 733 30 48 QD0457542 00000000000000
93 934 44 91 QD0070676 00000000000000
91 218 13 94 AA2417946 00000000000000
97 639 52 58 AB7542642 00000000000000
90 733 30 48 QD0052462 00000000000000
99 288 31 65 QD4375522 00000000000000
93 934 44 91 QD0867802 00000000000000
90 733 30 48 QD0241298 00000000000000
90 733 30 48 QD0483484 00000000000000
97 639 52 58 QD0858328 00000000000000
90 733 30 48 QD0284972 00000000000000
93 934 44 91 AB3944659 00000000000000
91 218 13 94 CT5481577 00000000000000
93 934 44 91 QD0726428 00000000000000
91 218 13 94 QD1081496 00000000000000
94 293 08 99 AB4846247 00000000000000
94 339 20 56 QD0655562 00000000000000
94 339 12 28 QD0759235 00000000000000
94 339 20 56 QD0139729 00000000000000
93 934 44 91 TN4375560 00000000000000
93 339 12 28 QD1056008 00000000000000
94 293 08 99 QD0099252 00000000000000
94 299 61 78 AB8272921 00000000000000
97 234 15 23 AC2367355 00000000000000
94 299 61 78 QD0562323 00000000000000
99 339 12 28 QD0068415 00000000000000
97 453 21 32 AC1486506 00000000000000
94 299 61 78 QD0828758 00000000000000
99 339 12 28 QD0876172 00000000000000
94 336 39 29 AB8328409 00000000000000
90 393 44 49 AA9498811 00000000000000
99 339 12 28 QD0456653 00000000000000
99 339 12 28 KS0031284 00000000000000
94 299 61 78 QD1031835 00000000000000
99 339 12 28 KS0297132 00000000000000
94 336 39 29 AD0212183 00000000000000
99 339 12 28 QD0223610 00000000000000
94 299 61 78 QD4470010 00000000000000
99 339 12 28 QD0370078 00000000000000
94 336 39 29 AB0473468 00000000000000
97 728 03 07 QD0577289 00000000000000
93 934 44 91 QD0608566 00000000000000
99 339 12 28 QD0095624 00000000000000
94 299 61 78 QD0133109 00000000000000
99 339 12 28 QD0207762 00000000000000
94 299 61 78 QD0311081 00000000000000
99 339 12 28 QD0371104 00000000000000
94 336 39 29 AB1539598 00000000000000
91 441 48 87 AB1341707 00000000000000
94 299 61 78 QD0010068 00000000000000
99 452 44 45 AB7914872 00000000000000
93 905 41 89 QD0484364 00000000000000
91 441 48 87 KS0254284 00000000000000
94 524 44 59 AB1213548 00000000000000
91 441 48 87 QD0201297 00000000000000
94 647 78 79 AB2485773 00000000000000
99 765 43 2 null 00000000000000
93 127 25 16 null 00000000000000
94 517 28 67 QD0053984 00000000000000
93 127 25 16 null 00000000000000
94 294 36 66 AB8225867 00000000000000
93 569 07 73 AA5403326 00000000000000
94 517 28 67 AA8932711 00000000000000
94 517 28 67 null 00000000000000
94 294 36 66 null 00000000000000
93 569 07 73 AA8864285 00000000000000
97 517 28 67 null 00000000000000
94 294 36 66 null 00000000000000
94 337 92 47 null 00000000000000
93 569 07 73 AC3116553 00000000000000
93 248 94 30 AB4313964 00000000000000
93 525 17 29 AA3967942 00000000000000
94 517 28 67 QD0005212 00000000000000
94 337 92 47 null 00000000000000
93 569 07 73 null 00000000000000
94 517 28 66 AC1060165 00000000000000
94 337 92 47 null 00000000000000
93 525 17 29 null 00000000000000
93 587 13 97 null 00000000000000
93 587 13 97 null 00000000000000
93 587 13 97 null 00000000000000
93 248 94 30 AB8757629 00000000000000
94 517 28 67 null 00000000000000
93 525 17 29 null 00000000000000
93 248 94 30 null 00000000000000
93 587 13 97 null 00000000000000
93 240 45 25 null 00000000000000
93 525 17 29 null 00000000000000
94 334 49 84 null 00000000000000
93 901 11 72 AB1145119 00000000000000
92 358 71 39 null 00000000000000
93 240 45 25 null 00000000000000
93 901 11 72 AB9132248 00000000000000
93 248 94 30 null 00000000000000
93 525 20 03 null 00000000000000
93 422 09 69 QD0712707 00000000000000
93 561 27 91 QD0080499 00000000000000
93 934 35 65 QD0071884 00000000000000
93 422 09 69 RS0098574 00000000000000
93 934 44 91 QD0874439 00000000000000
93 934 35 65 QD0858239 00000000000000
94 525 07 84 QD0288466 00000000000000
94 525 07 84 QD0456739 00000000000000
93 934 35 65 AC1145919 00000000000000
99 288 31 65 AA6043852 00000000000000
99 288 31 65 AA3632818 00000000000000
93 934 44 91 QD0010005 00000000000000
93 422 09 69 QD0304202 00000000000000
93 934 35 65 QD0986245 00000000000000
90 733 30 48 KS0254268 00000000000000
93 934 35 65 QD1081179 00000000000000
93 934 35 65 QD4314890 00000000000000
93 934 44 91 AC2502203 00000000000000
99 288 31 65 AB2767762 00000000000000
97 639 52 58 QD0139136 00000000000000
93 934 35 65 QD1135968 00000000000000
97 639 52 58 AB2256739 00000000000000
97 639 52 58 AB7542642 00000000000000
97 639 52 58 QD0858328 00000000000000
93 934 35 65 QD4488592 00000000000000
93 934 44 91 QD0096668 00000000000000
99 288 31 65 QD4375522 00000000000000
90 733 30 48 QD0284972 00000000000000
93 934 44 91 AB3944659 00000000000000
91 218 13 94 CT5481577 00000000000000
93 934 44 91 QD0867802 00000000000000
90 733 30 48 QD0241298 00000000000000
93 934 44 91 QD1038488 00000000000000
99 288 31 65 QD0996626 00000000000000
90 733 30 48 QD0457542 00000000000000
91 218 13 94 QD0996667 00000000000000
93 934 44 91 QD0070676 00000000000000
97 639 52 58 QD0072315 00000000000000
93 934 44 91 QD0599720 00000000000000
93 934 44 91 QD1010823 00000000000000
93 339 20 56 QD0410144 00000000000000
94 339 12 28 QD0759235 00000000000000
99 339 12 28 QD0068415 00000000000000
94 339 20 56 QD0139729 00000000000000
97 234 15 23 AC2367355 00000000000000
97 453 21 32 AC1486506 00000000000000
94 299 61 78 QD0562323 00000000000000
94 299 61 78 QD0828758 00000000000000
99 339 12 28 QD0876172 00000000000000
94 336 39 29 AB8328409 00000000000000
90 393 44 49 AA9498811 00000000000000
99 339 12 28 QD0456653 00000000000000
99 339 12 28 QD0223610 00000000000000
99 339 12 28 KS0031284 00000000000000
93 934 44 91 QD0608566 00000000000000
94 299 61 78 QD4470010 00000000000000
99 339 12 28 QD0095624 00000000000000
94 299 61 78 QD0133109 00000000000000
99 339 12 28 QD0370078 00000000000000
94 336 39 29 AB0473468 00000000000000
94 299 61 78 QD1031835 00000000000000
99 339 12 28 QD0207762 00000000000000
99 339 12 28 KS0297132 00000000000000
94 336 39 29 AD0212183 00000000000000
97 728 03 07 QD0577289 00000000000000
94 299 61 78 QD0311081 00000000000000
94 336 39 29 AB1539598 00000000000000
99 339 12 28 QD0371104 00000000000000
93 247 85 18 AB6031627 00000000000000
93 905 41 89 QD0484364 00000000000000
93 905 41 89 QD0874874 00000000000000
94 338 10 76 AC1644822 00000000000000
91 441 48 87 KS0254284 00000000000000
91 441 48 87 KS0211110 00000000000000
94 524 44 59 AB1213548 00000000000000
91 441 48 87 QD0201297 00000000000000
93 905 41 89 QD0708710 00000000000000
91 441 48 87 AB1341707 00000000000000
94 299 61 78 QD0010068 00000000000000
93 905 41 89 QD1023235 00000000000000
93 905 41 89 QD0484364 00000000000000
91 441 48 87 KS0254284 00000000000000
93 905 41 89 QD0874874 00000000000000
91 441 48 87 QD0005048 00000000000000
94 338 10 76 AC1644822 00000000000000
94 524 44 59 AB1213548 00000000000000
93 247 85 18 AB0139372 00000000000000
91 441 48 87 QD0201297 00000000000000
93 905 41 89 QD0708710 00000000000000
94 522 26 90 AB1154569 00000000000000
94 339 66 10 AB8800453 00000000000000
91 441 48 87 QD0371120 00000000000000
94 522 26 90 AA2443791 00000000000000
91 441 48 87 QD0343561 00000000000000
91 263 93 30 AA9241535 00000000000000
91 441 48 87 KS0211110 00000000000000
93 905 41 89 QD1023235 00000000000000
93 247 85 18 AB7454054 00000000000000
94 522 26 90 AA5113006 00000000000000
94 339 66 10 AB5403728 00000000000000
99 509 81 96 AC1773904 00000000000000
93 248 98 81 QD0393693 00000000000000
94 934 44 91 QD0068455 00000000000000
93 248 98 81 QD0096821 00000000000000
94 934 44 91 QD0322135 00000000000000
94 339 66 10 QD0089556 00000000000000
91 263 93 30 KS0297058 00000000000000
93 072 94 70 AB2712019 00000000000000
93 248 98 81 QD0685619 00000000000000
93 376 28 88 AB4277610 00000000000000
91 263 93 30 QD0269476 00000000000000
94 934 44 91 QD0529575 00000000000000
93 248 98 81 QD0212078 00000000000000
94 934 44 91 QD0201204 00000000000000
93 892 92 67 AB0616188 00000000000000
94 934 44 91 QD0782980 00000000000000
93 248 98 81 QD0885634 00000000000000
94 934 44 91 QD0341402 00000000000000
93 934 38 70 AB3382233 00000000000000
94 924 44 91 QD0423701 00000000000000
93 259 42 56 AB3946155 30110985720048
94 173 98 49 AA8867478 40806932700090
89 097 62 AB8909762 52010015720025
935762693 AB7547398 42612945720037
94 527 15 62 AC2187192 62211025720017
94 662 96 54 AC2444097 61104025720039
930236125 AB8845793 40710942700026
94 173 98 49 AA9573268 41712955720032
93 564 85 64 AC1500030 42503945720049
94 523 46 05 AA5959048 32112912700048
93 697 95 73 AB9909087 41705935720030
97 554 86 85 AB7300820 32904985720061
92 140 03 25 AB8365649 42808945720023
93 423 23 64 AB3761424 40505985720030
94 525 66 74 AA7783092 32108952700078
91 464 85 98 AC1776098 31108962700010
93 076 58 72 IQ0643070 00000000000000
990412554 AC2503890 61707025720034
93 076 58 72 IQ0484081 00000000000000
93 934 75 94 AD1038442 00000000000000
91 549 89 88 AC1026040 00000000000000
93 076 58 72 IQ0805228 00000000000000
93 076 58 72 AB6730681 00000000000000
93 554 59 99 IQ0052229 00000000000000
93 903 56 92 AA7209196 00000000000000
99 336 01 92 AA6340072 00000000000000
93 903 56 92 AC1104898 00000000000000
94 549 89 88 QD0759246 00000000000000
93 125 38 90 AB4711331 00000000000000
94 525 38 58 AA5967613 00000000000000
94 334 17 07 IQ0667114 00000000000000
94 525 38 58 IQ0874213 00000000000000
94 334 17 07 QD0813681 00000000000000
94 334 17 07 IQ0886492 00000000000000
90 884 09 14 QD0237923 00000000000000
99 334 17 07 IQ0156256 00000000000000
94 525 38 58 IQ0874215 00000000000000
94 334 17 07 QD0089643 00000000000000
93 561 27 91 AB8097978 00000000000000
90 884 09 14 QD0507794 00000000000000
99 500 58 12 AB4457974 00000000000000
94 348 85 17 AB8745641 00000000000000
93 902 19 78 QD0103051 00000000000000
94 348 85 17 KS0297454 00000000000000
93 902 19 78 null 00000000000000
99 472 13 60 KS0299601 00000000000000
94 348 85 17 null 00000000000000
94 334 13 75 AB0005670 00000000000000
94 348 85 17 null 00000000000000
93 902 19 78 null 00000000000000
94 523 32 06 AB6869940 00000000000000
93 240 31 40 null 00000000000000
94 348 85 17 null 00000000000000
94 334 13 75 AB0378940 00000000000000
99 472 13 60 QD0053283 00000000000000
91 379 18 70 null 00000000000000
99 765 43 2 null 00000000000000
99 472 13 60 null 00000000000000
91 379 18 70 null 00000000000000
93 240 31 40 null 00000000000000
91 379 18 70 null 00000000000000
94 647 78 79 AB7299826 00000000000000
93 127 25 16 null 00000000000000
94 647 78 79 AB7299826 00000000000000
93 525 17 29 AA3426563 00000000000000
93 127 25 16 null 00000000000000
94 517 28 67 null 00000000000000
93 127 25 16 null 00000000000000
94 647 78 79 AB2485773 00000000000000
94 517 28 67 QD0053984 00000000000000
94 294 36 66 AB8225867 00000000000000
94 294 36 66 null 00000000000000
93 569 07 73 AA8864285 00000000000000
93 569 07 73 AC3116553 00000000000000
94 517 28 67 AA8932711 00000000000000
93 569 07 73 AA5403326 00000000000000
97 517 28 67 null 00000000000000
94 337 92 47 null 00000000000000
94 294 36 66 null 00000000000000
94 517 28 67 null 00000000000000
94 299 61 78 AB8272921 00000000000000
99 339 12 28 QD0456653 00000000000000
97 453 21 32 AC1486506 00000000000000
94 299 61 78 QD0828758 00000000000000
99 339 12 28 QD0876172 00000000000000
99 339 12 28 KS0031284 00000000000000
97 234 15 23 AC2367355 00000000000000
94 336 39 29 AB8328409 00000000000000
99 339 12 28 KS0297132 00000000000000
90 393 44 49 AA9498811 00000000000000
94 336 39 29 AD0212183 00000000000000
93 934 44 91 QD0608566 00000000000000
99 339 12 28 QD0223610 00000000000000
94 299 61 78 QD1031835 00000000000000
99 339 12 28 QD0371104 00000000000000
99 339 12 28 QD0095624 00000000000000
94 336 39 29 AB1539598 00000000000000
94 299 61 78 QD4470010 00000000000000
94 299 61 78 QD0133109 00000000000000
99 339 12 28 QD0370078 00000000000000
94 336 39 29 AB0473468 00000000000000
99 339 12 28 QD0207762 00000000000000
97 728 03 07 QD0577289 00000000000000
94 299 61 78 QD0311081 00000000000000
99 452 44 45 AB7914872 00000000000000
91 441 48 87 AB1341707 00000000000000
94 299 61 78 QD0010068 00000000000000
91 441 48 87 QD0343561 00000000000000
93 905 41 89 QD0484364 00000000000000
91 441 48 87 KS0254284 00000000000000
93 247 85 18 AB6031627 00000000000000
93 905 41 89 QD0874874 00000000000000
94 522 26 90 AA5113006 00000000000000
94 338 10 76 AC1644822 00000000000000
91 441 48 87 QD0005048 00000000000000
94 524 44 59 AB1213548 00000000000000
91 441 48 87 KS0211110 00000000000000
91 441 48 87 QD0201297 00000000000000
93 905 41 89 QD0708710 00000000000000
93 247 85 18 AB0139372 00000000000000
94 525 02 49 AB5876508 00000000000000
94 525 02 49 AC2999537 00000000000000
94 525 02 49 QD0280394 00000000000000
93 697 16 36 QD0435110 00000000000000
93 934 44 91 AA9036917 00000000000000
93 934 61 51 AS0679282 00000000000000
94 524 44 59 AB1213548 00000000000000
94 525 02 49 QD0457543 00000000000000
94 524 44 59 AB7914872 00000000000000
93 934 44 91 QD0996561 00000000000000
93 697 16 36 QD0959188 00000000000000
94 525 02 49 AC2611374 00000000000000
94 525 02 49 QD0241298 00000000000000
93 697 16 36 QD0773147 00000000000000
93 902 35 80 QD0730409 00000000000000
93 902 35 80 QD4416614 00000000000000
93 934 44 91 AB8909999 00000000000000
93 902 35 80 AB6848857 00000000000000
93 934 61 51 QD1095504 00000000000000
93 934 44 91 VS0301373 00000000000000
98 798 75 64 QD0456006 00000000000000
93 009 85 03 QD0598151 00000000000000
93 902 35 80 AC0904628 00000000000000
99 876 54 32 QD0120556 00000000000000
92 342 11 23 QD0795688 00000000000000
93 009 85 03 QD0722512 00000000000000
93 902 35 80 QD0857535 00000000000000
94 291 61 44 QD0874158 00000000000000
93 902 35 80 QD0178415 00000000000000
98 766 54 45 QD0252677 00000000000000
93 071 82 95 AC0876912 00000000000000
94 291 61 44 QD0624717 00000000000000
93 934 44 91 FD4375622 00000000000000
93 933 34 46 AA7783160 00000000000000
96 124 35 64 AB7573368 00000000000000
94 291 61 44 QD0440640 00000000000000
94 291 61 44 QD0138805 00000000000000
93 009 85 03 QD4562753 00000000000000
93 934 44 91 QD0556990 00000000000000
93 071 34 04 AA7313404 00000000000000
92 140 03 25 AB8365649 42808945720023
930236125 AB8845793 40710942700026
94 523 46 05 AA5959048 32112912700048
93 564 85 64 AC1500030 42503945720049
93 423 23 64 AB3761424 40505985720030
91 464 85 98 AC1776098 31108962700010
94 525 66 74 AA7783092 32108952700078
93 076 58 72 IQ0484081 00000000000000
93 697 95 73 AB9909087 41705935720030
93 934 75 94 AD1038442 00000000000000
990412554 AC2503890 61707025720034
93 076 58 72 IQ0643070 00000000000000
93 903 56 92 AA7209196 00000000000000
91 549 89 88 AC1026040 00000000000000
93 076 58 72 IQ0805228 00000000000000
93 076 58 72 AB6730681 00000000000000
94 525 38 58 AA5967613 00000000000000
99 336 01 92 AA6340072 00000000000000
94 549 89 88 QD0759246 00000000000000
93 903 56 92 AC1104898 00000000000000
93 125 38 90 AB4711331 00000000000000
93 554 59 99 IQ0052229 00000000000000
94 334 17 07 IQ0667114 00000000000000
94 525 38 58 IQ0874213 00000000000000
94 334 17 07 IQ0253313 00000000000000
90 884 09 14 QD0237923 00000000000000
94 525 38 58 IQ0874215 00000000000000
94 334 17 07 IQ0886492 00000000000000
99 334 17 07 IQ0156256 00000000000000
94 549 89 88 QD1010853 00000000000000
94 334 17 07 QD0089643 00000000000000
94 334 17 07 QD0813681 00000000000000
94 334 17 07 QD0457440 00000000000000
93 125 38 90 QD0731072 00000000000000
90 884 09 14 QD0237923 00000000000000
90 884 09 14 QD0507794 00000000000000
93 125 38 90 QD0169152 00000000000000
93 561 27 91 AB8097978 00000000000000
94 549 89 88 QD1002356 00000000000000
90 884 09 14 QD0169896 00000000000000
93 127 48 75 AA8336550 00000000000000
94 336 93 88 null 00000000000000
93 709 93 77 QD0436859 00000000000000
93 709 93 77 QD0685930 00000000000000
93 905 37 77 AB3225535 00000000000000
94 292 09 97 AB6019062 00000000000000
94 336 93 88 null 00000000000000
93 909 01 17 AB0111000 00000000000000
93 127 48 75 null 00000000000000
94 292 09 97 AB4385853 00000000000000
93 127 48 75 null 00000000000000
93 247 72 07 AB8072412 00000000000000
91 944 86 44 QD0096392 00000000000000
91 944 86 44 KS0301168 00000000000000
91 944 86 44 AB8892644 00000000000000
94 522 30 96 AB0145716 00000000000000
93 247 72 07 AB6673681 00000000000000
93 247 72 07 ab0248340 00000000000000
91 944 86 44 QD0731211 00000000000000
94 292 09 97 null 00000000000000
94 548 17 69 null 00000000000000
94 292 09 97 null 00000000000000
94 548 17 69 AB8915867 00000000000000
97 957 76 91 AB1877101 43001985270032
93 934 44 91 AB8365335 41353264534786
91 944 86 44 QD0258649 00000000000000
94 522 30 46 null 34567890223322
93 034 44 91 AA3293360 41156437865434
93 549 17 98 AB3762535 31705985720038
91 217 98 86 AA4977583 41122255555562
55 546 68 46 null null
88 625 25 33 AB2365856 42409932700060
90 605 12 47 AC0074917 41307955640015
97 709 95 15 AA3106870 30812942700019
939050377 AB8682209 62408005720057
97 200 02 14 AB4896831 30202995720076
94 578 21 62 AB7915108 41404912700037
90 607 15 66 AB4364068 40803952700273
98 211 34 79 AC0096181 42206932750071
33 225 65 64 AA7295225 31505952700056
93 147 15 27 null 00000000000000
93 906 04 47 null 00000000000000
94 297 39 72 ab6918336 00000000000000
94 332 55 98 ab6869946 00000000000000
94 517 25 16 QD0741855 00000000000000
94 517 25 16 null 00000000000000
93 709 93 77 AC1501327 00000000000000
93 625 98 76 null 00000000000000
93 709 93 77 AB6201853 00000000000000
93 625 98 76 QD0303945 00000000000000
94 297 39 72 ab0211358 00000000000000
94 517 25 16 null 00000000000000
93 625 98 76 null 00000000000000
94 517 25 16 AA7782955 00000000000000
93 709 93 77 QD0042876 00000000000000
94 297 39 72 ab0153659 00000000000000
93 709 93 77 QD0314593 00000000000000
94 517 25 16 AB8698988 00000000000000
93 709 93 77 QD0140524 00000000000000
93 625 98 76 null 00000000000000
94 292 09 97 AA3107508 00000000000000
94 336 93 88 null 00000000000000
94 336 93 88 null 00000000000000
93 709 93 77 QD0436859 00000000000000
93 127 48 75 null 00000000000000
94 517 25 16 null 00000000000000
93 905 37 77 AB3225535 00000000000000
93 709 93 77 QD0685930 00000000000000
94 292 09 97 AB6019062 00000000000000
94 336 93 88 null 00000000000000
93 127 48 75 null 00000000000000
93 909 01 17 AB0111000 00000000000000
93 127 48 75 null 00000000000000
91 944 86 44 AB8892644 00000000000000
93 127 48 75 AA8336550 00000000000000
93 247 72 07 AB6673681 00000000000000
93 247 72 07 ab0248340 00000000000000
94 292 09 97 AB4385853 00000000000000
93 127 48 75 null 00000000000000
93 247 72 07 AB8072412 00000000000000
91 944 86 44 KS0301168 00000000000000
93 247 72 07 ab0248340 00000000000000
94 292 09 97 AB4385853 00000000000000
91 944 86 44 QD0096392 00000000000000
93 247 72 07 AB6673681 00000000000000
94 548 17 69 null 00000000000000
91 944 86 44 QD0258649 00000000000000
94 522 30 96 AB0145716 00000000000000
94 292 09 97 null 00000000000000
91 944 86 44 QD0731211 00000000000000
94 548 17 69 AB8915867 00000000000000
94 292 09 97 null 00000000000000
94 522 30 46 null 34567890223322
93 934 44 91 AB8365335 41353264534786
93 034 44 91 AA3293360 41156437865434
97 957 76 91 AB1877101 43001985270032
